6
17
45
182
354 
366
384
392
393
595
619
700
705
714
734
753
833
877
892
940
973
990
1028
1041
1066
1124
1126
1133
1165
1275
1295
1321
1339
1350
1430
1449
1461
1493
1520
1535
1578
1582
1633
1662
1697
1724
1738
1744
1807
1834
1844
1845
1890
1893
1907
1944
1990
1998
1999
2017
2035
2137
2155
2158
2186
2205
2262
2344
2360
2362
2372
2375
2403
2432
2439
2442
2469
2491
2492
2511
2519
2520
2546
2597
2635
2636
2666
2673
2693
2737
2748
2790
2809
2878
2948
3115
3190
3212
3252
3263
3341
3364
3520
3557
3602
3631
3647
3686
3744
3793
3879
3894
4000
4252
4296
4339
4346
4390
4424
4432
4438
4440
4447
4448
4450
4454
4455
4460
4466
4469
4477
4478
4502
4505
4523
4530
4532
4536
4539
4540
4541
4543
4549
4552
4556
4559
4574
4576
4579
4580
4591
4603
4616
4619
4645
4661
4698
4781
4862
4920
5054
5091
5114
5211
5212
5220
5229
5275
5296
5298
5321
5331
5342
5376
5387
5434
5450
5541
5559
5586
5596
5658
5708
5738
5750
5820
6063
6148
6155
6178
6324
6361
6523
6684
6688
6777
6893
6901
7078
7123
